-1028.2721966757956 163.49599714077354	2
134.2666844098439 -866.436268542064	1
437.01362702169627 -901.6397515599298	4
-894.2754649796415 -143.22830536986564	2
504.83244143936435 -1163.6520933916527	4
-1114.9485875855855 189.85061559263852	2
-34.11956557088226 -359.2921335795061	1
752.4689202923845 -971.0402446113154	4
100.56418393024404 -589.0121411109211	1
-1073.8591238331912 27.82613875738177	2
273.3200404559096 249.37669055965392	3
485.3852860963044 -964.7503321141414	4
384.3394695020185 98.78886003771306	3
-1023.053861943868 157.36024019224365	2
91.52800609661794 -668.2381572087927	1
-1076.9024885208073 373.96043966716735	2
173.87774556333056 -637.4648283905864	1
-796.4769402667839 304.9874780948959	2
-955.4179659614813 135.06419670902466	2
83.7068667254784 -682.7154933131909	1
407.46434780101697 243.48159161431522	5
465.5263461859014 417.6606383910614	5
258.1745407505467 -147.49704836246238	3
-953.0052501621777 32.26020342111498	2
176.744532941778 -563.4535060508242	1
718.0714502257792 -903.746411500547	4
783.6404670737168 493.0025157921109	5
292.71627259578185 -904.075478503825	4
-1030.6396922383512 386.7466171619634	2
383.7793284050007 216.41933180239513	3
620.0888008390353 -830.6873434271263	4
443.46755293473086 -1153.1191314856542	4
121.29680726883907 -5.302522461892011	3
161.97267984632856 440.3255306026624	3
655.8817307519216 -946.7785390879532	4
577.3719163805197 -957.2047651458294	4
-1348.1354925937685 -237.69781876130932	2
418.1497015659763 265.11296171545575	5
766.958124507391 -700.8722987977679	4
-1013.8909692826625 176.72386865160607	2
529.5633432381393 -913.7744801872469	4
838.9633116180144 -1007.4275201489158	4
544.4622266921917 -882.635067374954	4
758.5826805093634 -976.7437811861429	4
407.9113745513775 -1279.793701366678	4
705.505340915359 -1099.6833504514912	4
791.923118890214 -602.4128633595262	4
-957.0201112278387 633.4493332107184	2
399.48001997956686 247.86806826329484	5
508.4315286259095 257.7161474483002	5
-1123.1444812117593 -71.3461053830799	2
706.1372798513844 544.5589537967803	5
-25.580193648086407 -741.8344472482241	1
165.64162712151065 -444.675926139338	1
452.09749408356083 219.95796801893874	5
280.0256188036659 398.23671633882225	3
-1280.7946634591171 456.69177809252415	2
104.66740347266828 -828.6146207773614	1
469.9693531470378 427.0006690293281	5
-1111.7908747597617 192.53163529687814	2
-34.79921792068373 -786.9555776772751	1
199.2370544873121 216.88718560934666	3
442.00992198332074 -880.35996268001	4
348.26763223356704 157.7354799878833	3
569.2659600125417 -925.3457352980947	4
420.89197581381893 97.922594187267	5
70.8905131223653 -592.4429645516021	1
380.88334791540234 202.20166752538202	3
-1154.5784546296495 -2.9459028769690576	2
-1262.4956334803815 -90.82713190303244	2
-1299.4901384015975 206.24956959576292	2
109.9591524651707 -378.9063984248247	1
490.07553322118554 -588.0127121738765	1
169.5842252601934 -282.993519082929	1
-35.50662429129565 -717.1711295500223	1
569.1924804212686 -936.2179702047849	4
94.57466993384259 -590.5770114024579	1
608.5014199300826 -842.895980045727	4
605.3316766556482 -1056.526009719492	4
-958.0714901286699 62.488497956166825	2
426.4247203611274 188.04023759868787	5
183.3950190728638 -351.32746545872044	1
-1059.296711643356 64.77537102824846	2
136.82268116638718 -451.13165627509466	1
325.0872892511839 436.82652641452546	3
-1009.0614469575208 -45.93968482687794	2
-865.652176513639 97.17500844069829	2
-1507.6369139853396 97.10851797201384	2
334.41545446394474 133.10445879793403	3
620.9402038248111 -1072.8242773790105	4
-15.051237559185779 -329.1158172257681	1
730.2946594967894 -960.3809115398905	4
442.00825312794314 209.06365081829136	5
-2.154532412734625 -618.712282784114	1
607.8702269848205 -874.4866405256023	4
243.52089223493792 -581.2072153474513	1
-63.909506450611985 -735.3792399027259	1
300.2030750560967 -83.86047548345434	3
617.588457222841 -982.534681080828	4
473.2823075916948 348.6811275388495	5
430.8189899462361 195.10094108591716	5
672.6472912665376 -840.452849814826	4
183.26832858964863 -684.118766270034	1
386.081902595625 220.0929531112344	3
199.4305431904115 -617.7598486033138	1
403.7464639756465 121.75118563619478	3
533.8127370078225 -945.0444474618538	4
337.72085271109427 -82.72798802922622	3
-974.5968947561911 175.2997592229874	2
164.70950762061346 -684.9647638146097	1
610.6850615757971 -969.3723540745788	4
-1083.5598467389696 -68.87167579478182	2
166.8566612310272 -566.9690572572802	1
708.0306309250573 -978.9026707769186	4
150.6032982496379 -678.7085499310128	1
198.28164529018184 -628.340681345405	1
407.77605708899046 -753.9493860778659	4
-1150.3922982389977 215.11981903286727	2
358.57273710735603 -552.7272065727266	1
245.21336361536007 268.7758965410004	3
316.70861153258306 196.122824495852	3
288.746080681315 258.2455961994362	3
426.35444143216296 -818.497744954283	4
565.2731997453202 -977.261100585973	4
398.04116213013276 239.3863140261155	5
433.8930676474553 103.0393228535033	5
515.9966561666275 -810.9013430718442	4
-1050.1271497690868 155.34573004357796	2
391.5163611763949 184.86609814138367	3
217.746124371308 390.64177408581463	3
295.88696720747896 -673.2649104080953	1
110.38595612457794 -499.91246993655864	1
-950.4528536550795 132.86594642385683	2
167.26634127602406 -672.9867728741607	1
318.896132667484 -737.8017808651275	1
581.8262923343648 -945.3588184054473	4
-1061.3033668568953 -0.5197918080953912	2
-61.447990885379426 -882.2034631416166	1
565.7220811235725 -1013.8669222254974	4
-1093.9099516953552 208.72357297160974	2
-759.878208800538 -55.982854189885444	2
630.2640603815199 -912.3687493380397	4
-992.9131410468126 218.7358672809205	2
373.31615429633644 206.37468821169463	3
151.71394761788395 -647.5915077830781	1
446.9739126700046 -953.7281834056133	4
-1009.8123117812435 195.52862192560337	2
115.68326591615096 -421.52387047950094	1
496.6974890111374 93.94392371274658	5
-1063.123373017914 445.3020230924069	2
167.77150015005412 -645.7341939997914	1
409.42165348067016 218.0184501129843	5
756.8130488721118 -842.912758460565	4
186.738617049801 -648.5924838220452	1
49.68666291673881 -733.9222774294568	1
353.24996327235533 305.3381645212889	3
309.5168127101946 212.88478617408717	3
95.4417853100689 164.02442212951019	3
-1390.6746347410403 68.13458253758667	2
366.2847930070545 183.72869057225304	3
-1219.4873605425657 -2.506630841680561	2
-1067.0787952907879 164.74177809880214	2
184.80872688323655 -802.5632654187297	1
527.0381284879923 -967.5398978570214	4
519.4427973349462 -925.4494260789519	4
669.8726292437149 -907.2168898283473	4
419.0432249233106 -1046.8545797240954	4
84.48507657341564 -597.6798523254344	1
320.88397690038687 -802.0317758540498	1
-1017.5209078916138 189.4631082650502	2
111.06539572760781 -633.3120529131243	1
177.8325728374588 -689.2324404034797	1
181.15441001139135 78.56649627653965	3
535.8614327753735 -1008.052685955071	4
-1016.3805864102071 -55.27811303612242	2
232.83107586800142 -610.6930306029759	1
227.89800651796003 -769.8239400122087	1
94.66689533878082 -658.6688607277954	1
678.0357339269958 284.02413174034325	5
152.39381379818076 -591.8650214874413	1
-1027.0932068554819 211.31774825206455	2
612.5201310189902 -875.8700058963586	4
159.68149348112422 -716.908209720708	1
662.8524873609329 -1011.7910155355509	4
315.41378063370786 144.64758143089796	3
147.6309803296731 -679.5125152339725	1
788.5203036295179 -1026.5302048403744	4
426.9787199168564 184.75598020401236	5
523.2457064128557 68.53293728627546	5
332.62707365610464 99.14957882539194	3
346.3158394307209 -174.5311838627962	3
-1101.5370023763908 32.69651197023137	2
122.8017730705595 -636.7727107601208	1
-1097.9087694503164 261.9594799591701	2
272.23226680027915 -842.4389840836243	1
407.4513691060038 164.76330616942167	5
-1003.3762878097782 151.88238570667463	2
595.3970779303053 -918.025083772597	4
-1185.563454873187 236.84456943026126	2
742.7126273553649 -837.0756303854866	4
