238.73823209083093 -687.8712530840999	1
702.2918792675991 -905.2519109773659	4
837.9473262051179 174.80067144904163	5
62.09449907693045 -3.716453657831096	3
481.6932981299041 -1054.4636355370026	4
-990.6602870300027 159.7088547342044	2
45.17748510075853 -579.2800732738912	1
377.91379545104866 537.5747958512899	5
556.3162123859532 -863.1495867591143	4
590.4451299187849 -1037.772248191082	4
606.4863207363727 -813.5294404855415	4
473.42747468357726 -645.8076348176289	4
93.07746132448898 -649.9137161006154	1
438.02620492469407 224.75360578419983	5
-919.9556890185935 569.8693727763505	2
-1100.8473321388803 -159.52721062411578	2
287.43290562551977 -700.9176442963435	1
159.1814211022967 -671.6385506735099	1
469.28836334043285 -974.9623825248142	4
536.1925262288973 -887.0439440013831	4
-1055.6191275318363 82.72548431907859	2
398.5204264513702 67.8269784843385	3
549.7089579446629 -1123.6879430150555	4
-1326.7765449294443 -173.90828422416413	2
288.6358303597274 550.0995301012659	3
-1319.4773693021803 90.18239655691899	2
142.27816948122103 -701.4279261171973	1
564.8842242451177 -994.69095110154	4
690.2915356785122 -725.6615426033622	4
-1004.3793403292036 159.76452423455268	2
459.85423663173924 -645.0899089048069	4
524.4822624634343 -912.9644876408886	4
306.6516675665654 173.69883209848064	3
261.9272428863855 53.266457328382245	3
-1257.9075344355308 129.25005604665918	2
56.840318946500716 -714.7724014765553	1
-143.93751906921156 -380.2801053519009	1
393.72677734012024 133.4758101028321	3
303.4203565949147 163.12149597017344	3
332.4547398217098 24.041089109230654	3
398.15036216353684 -1026.0666340482703	4
-1012.5017688678439 111.7864621762601	2
-1032.4951951250941 24.55757267102834	2
569.7817734195158 -932.409612623556	4
341.4429678882555 -639.9640371923234	1
142.711951540258 -628.6614808414487	1
77.64246793608547 -603.5410305386368	1
587.6310003869094 -943.2806626035147	4
-776.2906121501244 5.720887349180856	2
-751.8497732204305 349.6043936070369	2
-1133.9129291789502 142.5176741805384	2
139.63663384553857 369.7415729886835	3
-1043.4977458068572 212.49823265925045	2
523.3522279947998 -1264.8448553849166	4
580.1334444259448 -948.6508099752784	4
172.81725337937695 17.881062052591574	3
80.98633867973409 -555.1917893477339	1
306.71910764594656 162.96382967032565	3
169.02612269618507 -585.7660574395757	1
-24.709583804481042 -743.1049183313703	1
598.2015432566802 296.3185715817254	5
-944.194168027034 280.07789221397707	2
-835.961645765432 324.7478496436895	2
290.76759369903294 206.7933310542386	3
428.63179668366786 202.5047427833704	5
302.31973791171714 -777.8795015760784	1
585.2766043745964 -872.1936911943426	4
543.262294262645 -441.7453523537386	1
445.2975227670631 210.51423706621483	5
-939.4432001739119 143.42382123466982	2
153.25352226265287 -722.7670006647003	1
861.2760839687073 -669.8654171400538	4
-1029.5640390098927 175.44953202673165	2
226.30020967762437 -491.21967132664633	1
-1128.689453083113 127.42367795609543	2
279.98450473689024 281.80666478796616	3
318.37217590774924 195.30093889183982	3
609.8972079534525 -435.22449493241265	4
345.0658183865982 291.90734393123626	3
341.05139769425966 163.23405092244042	3
-758.0494123784063 115.55931488269078	2
69.88118492567901 -683.2168302041492	1
-1139.3950849081793 342.65073779383374	2
-1154.2966379213742 121.53374426676542	2
-1316.7763682876205 223.15249914261614	2
736.8835471466364 64.48843230728846	5
-937.950966257365 462.5383763399424	2
507.0078313666097 -438.5759242287071	1
-46.01602804936488 54.96773388020068	3
264.4475912322283 -535.1907199487734	1
-0.8705242636805508 -703.1215401299672	1
-821.1540016758892 -206.0831984856989	2
387.9599511416428 -855.568275202648	4
200.4095632518597 481.7074689864859	3
-31.527772922656595 -732.0939228248238	1
-917.3790386566603 -383.9382360292576	2
586.2256265967696 -768.3201935437833	4
593.9190686033807 -1082.6684690012264	4
208.34466418016692 -518.5389508408842	1
536.8763000265926 -963.2615231991539	4
86.29467868431723 -883.2270824504405	1
218.1656483301537 251.6692645392763	3
-1049.0190408728174 181.7346795140263	2
863.634729636019 -809.4152329940862	4
396.2162282080739 208.96049046164802	5
-1050.66305482747 261.3965777352329	2
451.1767088179856 -646.3401486901774	1
122.33818108017681 15.943636245297455	3
665.1050004946673 -1042.536910853457	4
868.8359309943047 -938.1838974950659	4
393.67785575766885 -133.2173625506658	3
348.6336783590048 -58.185014033474914	3
583.0516520213974 173.28274953255226	5
466.9087569754059 586.757370155728	5
12.077579626670769 -506.3227566162656	1
-1018.6383825026813 114.80077725611739	2
507.3609385646003 -957.2005557372136	4
130.17589538487712 -637.1697730359078	1
469.2312088586522 167.9605536856635	5
312.2664765300259 209.31495071328305	3
38.379953843438685 -806.4950340078522	1
245.77099982107114 -692.0958656198303	1
331.247559231119 295.5820573570417	3
-959.1980630311228 212.17355970158152	2
188.81326009153105 -658.095346778609	1
379.14319621559093 212.85774784511642	3
-1158.461100897121 176.54607424435275	2
465.9723340583178 156.85053278927683	5
326.2928704698409 387.2564800156165	3
-1169.7413622022743 143.6358151872085	2
-1049.828129414179 201.65217549919228	2
366.1980729057454 258.40824355866016	3
757.0391173695452 -680.0854273865509	4
505.0463255334682 -855.2378693752645	4
102.6678910930442 -761.2420362261223	1
-960.8483076469101 103.53291160293301	2
559.3887699030421 -1002.7014999861772	4
153.08424994972654 -576.8096620900108	1
9.683776509754352 -737.9890820914087	1
249.30224593993879 -97.01529260837768	3
-739.8513073220124 142.71196579990396	2
152.1855981424738 -652.6024249256417	1
-1027.4761792238346 154.4134973648211	2
585.1620163436173 -929.2955231234932	4
-923.1349294748399 145.26660329444223	2
239.02972315390298 -583.0673360315673	1
-1073.2166207579949 240.0968427839639	2
289.9051501632126 364.6357664135887	3
669.675136930244 -861.044207734761	4
706.9059423980339 -939.3886183002311	4
-912.0732101458793 46.60952455935676	2
-674.4187528396262 171.9663157418602	2
600.7708928667387 -989.7050713434825	4
-60.81293089071491 -524.9017996086347	1
489.77983143484016 -1034.255203046279	4
687.9685907898765 -1382.8821465274689	4
214.41492258569562 -674.1880913419321	1
654.0875687827285 -911.3984139948248	4
-919.746343679898 -47.795333124765904	2
339.4839685518381 211.34879164460693	3
-986.5959262955266 45.394493237740804	2
431.25004179432835 95.98297701941722	5
393.6890146925066 209.0553820206866	5
370.4482076769402 99.72435965931835	3
-901.9944901975553 -27.846081037633923	2
813.8617432980477 -895.3655334186628	4
-1106.8524856025251 369.99484934894207	2
569.3501213633726 -941.6501597258142	4
-66.53334476205524 -713.2457138800124	1
129.6769618236892 -648.8705096963417	1
182.91825507840244 -590.8444962410636	1
384.5349374115237 364.6972607522584	5
91.51378756150733 -640.752723561051	1
482.45005607532096 -1234.4749997137542	4
147.2944079751323 -669.3376469905095	1
-1027.0641119409356 154.55111619596903	2
-815.1393122251635 180.75573682604386	2
214.94280461920664 -568.0573881593045	1
-847.6579839766782 -119.02694438271348	2
551.881663506416 314.2146488921385	5
-1094.6822868984016 -21.19578711743185	2
88.01422285792023 -187.43323689955	3
-1077.8937631689682 171.41793435266902	2
177.27325821626346 -655.1438468570142	1
-4.926410298155361 -3.149962294318698	3
287.9452668907232 -766.1894434010732	1
220.66322127049563 -327.5123711156958	1
528.6135525146206 -827.3387685881258	4
-1357.8726543641756 221.45288543006603	2
149.0976829870372 -669.9236902341164	1
-1159.7935544951188 6.186952478489445	2
240.01570468630467 -660.0570363824725	1
-936.2667535933434 166.41424401568358	2
-1052.8082231857948 121.09428177807021	2
659.1340293581773 -975.9394830078128	4
90.367468368281 -721.2500012266767	1
324.0732248687473 186.45147681819014	3
-1070.7534101342017 218.13856696437637	2
359.45662850720834 246.71326928168727	3
89.834801713619 -678.5328703104251	1
