1013.5326628161126 142.51580754535033	5
181.68789838996102 -724.0563688861412	1
685.3818684113904 -944.2441249077751	4
159.8683462249545 -672.0739909524486	1
394.66621873183414 246.11788612907026	5
559.89716920587 -988.6203465708167	4
316.3261171823441 210.1217489184421	3
527.220203046879 144.59719294892804	5
-1027.596156405967 154.45420629720223	2
680.0139622568499 141.69358709314827	5
354.44363950623426 -660.6902149029796	1
-1028.5390502236655 333.9253360984564	2
51.18052670908146 -357.9913509528035	1
433.7139036402235 291.233746951947	5
556.4325051377617 -932.6920502046382	4
-1178.034983820996 41.77622002713305	2
570.2359793107921 -1002.7910393279708	4
-1126.6018937481072 37.66671769232846	2
107.45655174017841 -652.9597920421865	1
359.46056539740493 166.3361049988648	3
478.36604819277863 -91.48759990404758	5
565.9175520790391 -855.487154314689	4
-1092.550957620332 114.70578568102272	2
335.48878108282884 139.23026616928541	3
330.31710060753284 -540.1645562287197	1
-280.7342946584281 -716.5087635503921	1
-1007.5288211523463 261.8778861877585	2
583.5280071529468 -912.3014945773077	4
-1172.800876699101 343.83956913934526	2
235.4906126060037 -591.825582062054	1
484.64647023788933 191.7791907024262	5
-1124.7492347951768 207.97088854008663	2
-1023.0708479835936 82.51732524989531	2
159.7205776534252 -778.987768381671	1
447.60689869125247 -856.1162258699428	4
190.74881337080296 -661.8894946840854	1
419.0540602601743 -1049.536384146706	4
159.88242793717626 -631.0851782511135	1
-62.181745504933275 -676.4457054848112	1
453.58075703441307 -365.73321985602314	1
403.6178755460212 -1140.5396747644022	4
370.6370423680669 -1023.8282300231477	4
384.2204526667902 206.60131051380293	3
441.4599021683149 -770.3612986187152	4
-809.284639458424 305.991888657895	2
252.0910136406056 -721.6153596880536	1
333.0410578186433 -860.3926207038622	4
404.6927179500055 213.0199226241821	5
352.8400505973004 305.1560817582062	3
-938.7313020924671 147.59887700344	2
141.74685901282012 199.74026926151677	3
-955.0907592497559 125.99434788583629	2
327.4475039989983 76.33710747577692	3
147.6785823730042 -672.3373925680479	1
468.4275783256718 172.67366413209098	5
-1234.5367861144125 76.58868503618096	2
500.7727925082471 -854.2232264262107	4
-1023.5311949241404 212.31197405380516	2
-1209.8749998703265 -111.58586222546913	2
-1283.661491819419 159.67393025315965	2
172.48750507135742 -387.574266954265	1
576.4236754003027 -937.9367844819648	4
-189.00385400172624 -801.0584083486165	1
-861.3346625847196 101.40175972333402	2
-884.1293535609362 195.41808912726145	2
620.6675423382671 233.45863395085755	5
353.1988165980123 212.40911188118432	3
115.05545659875526 -716.4951328802523	1
454.845503068448 -977.5211876544975	4
461.93532896502853 217.35280180149962	5
640.1781196384999 -1063.0070109534868	4
-85.57378807345404 -753.6507374426772	1
361.80044201453944 70.20351019592127	3
342.9087019696342 -1190.001149212399	4
537.2421322754124 -881.587014712351	4
383.7477354141704 -990.0071158383199	4
-953.7714204521162 33.90924165686698	2
188.60991216936227 -670.7121536975857	1
246.01153289012458 -564.6767569338074	1
-1036.460178150534 102.506804959909	2
595.1698052535097 -911.8551364478781	4
923.2193713377869 -1100.528899607933	4
-976.8329940352562 340.59289000235543	2
380.9314271832858 -688.5030875566227	1
555.7638814942604 -757.197851877842	4
623.6054548437003 191.01754957328419	5
452.7302422520714 318.4582635636192	5
-1037.7100602888652 156.60441891640662	2
-124.43855106579699 -671.0470569979553	1
296.3053817027979 337.2997321060474	3
296.36556681750403 -531.1618434417451	1
379.5645929793179 -753.2569561389462	1
161.32502756878796 -646.115864668637	1
245.00516183706523 -42.37788144654533	3
242.28608650620268 -377.1755098864822	1
58.68971870952623 370.5511198620976	3
411.1985134966503 150.88908884606224	5
365.3164785540449 -904.1263947110504	4
54.83729999667125 -904.3811344485978	1
553.0821064964769 -1075.457355684427	4
201.95839333926213 -610.1614888687657	1
-1000.257039205288 10.9084862775901	2
567.8660745539053 -930.1415210129935	4
733.9849216731322 -876.8896093373894	4
383.5491541148612 209.69465067663077	3
155.81376452592718 -663.3511359489039	1
396.52523832079066 -657.6293249893776	1
165.71629071785003 -889.4078282938195	1
614.0589054419113 -460.00037688206163	4
134.2737199574275 -678.234031588495	1
381.91317185031744 283.234367755726	5
453.43409975727155 -743.11455700312	4
-1009.0449998029715 375.7085761059689	2
129.0216085301212 -623.7163887933551	1
245.0384370962298 -762.0734991867981	1
699.661725984308 -903.4581341101717	4
526.3317193160973 -990.2534363062285	4
551.6358990709386 101.64029724454996	5
341.16343337255614 266.28542771109494	3
114.7311901207458 508.72064536225184	3
651.5731321944988 -963.1745122426952	4
279.05525985173904 191.09597077832802	3
143.32752704705234 -485.8887966913464	1
-1164.8491558882747 -142.8901648100423	2
-1095.1530630863579 116.82501410803948	2
365.22528504149125 -1064.5709990268513	4
595.1951084690259 -934.036165307836	4
-1034.2365962012284 -126.07486035726978	2
601.2002750515742 112.49674793041171	5
222.40734066993713 -641.5312748092256	1
626.3357833608206 -971.1525036543479	4
-1054.6291716057092 51.941235001657546	2
5.707459201089989 -944.4545869001706	1
578.5743929833831 -930.8303313979272	4
107.58088113063957 215.03691502436405	3
574.1944636768487 -938.9110749728183	4
310.38600289381395 -467.6424474790048	1
245.87272197858124 -483.7475497915824	1
313.4789281994924 -385.24047304234244	1
749.60885610315 -861.2002449785108	4
180.0683750750344 -603.0995545133142	1
678.0264235960174 -1063.5928725727367	4
781.9496334565982 -862.1478017309164	4
-1136.0256988724966 209.81033198493805	2
578.7000968749269 217.39470778333953	5
443.81262741033504 -960.3296113455114	4
-1005.7357933283432 30.933863263257095	2
235.99837268743943 -574.9795385787554	1
-1315.3376970270306 -140.2544082205633	2
159.58412039810574 -687.6278588360472	1
626.644782234471 -912.9572782118069	4
-1088.4814826530555 306.6521632988937	2
-1180.4155458374512 218.61665454560656	2
769.6934447171955 -1088.2426596693372	4
-1127.9561015142565 294.06599355852927	2
155.2900560336052 -597.4984933447853	1
-1117.1892869347244 360.2274283066732	2
155.0919806499088 -672.4928881097882	1
516.2874355928943 264.3679967415694	5
523.68804252012 -878.1511082222531	4
504.1884153701633 83.35921833816582	5
-1051.5214712023303 206.69159248084512	2
717.3705984805717 12.079095477309323	5
162.35824360333433 -669.3617302552761	1
393.8944578130262 208.32317012379227	5
419.177478007905 194.26998611911054	5
333.1272435306902 -774.2963245276503	1
170.36525974631775 -792.4398275217661	1
514.805497437799 142.13134101806577	5
574.802852912386 -890.1560529599021	4
329.7659296038937 262.6397515751843	3
255.47280438635954 -448.75643592159395	1
334.61734117149666 -666.9718646942664	1
357.5538661805347 174.68066372678933	3
-675.808385310952 283.4226601465176	2
-951.104592090787 61.52650988909424	2
-1040.4399201417689 175.8616335536561	2
328.3200627546943 -979.4639301398461	4
247.60138776814748 -601.01576037321	1
308.7651805000549 239.40657061401492	3
70.07422595621966 -658.3930686466505	1
385.4828184978045 198.1339508674701	3
683.6072391912292 -863.9900020895684	4
591.6451980739166 -739.9389202502599	4
384.25494468864895 158.01038983916504	3
371.4657229761367 100.04307847525602	3
204.65910753114215 -1019.3206776266229	1
167.4160324752167 342.219554142658	3
250.77370993144467 264.7939663564517	3
279.61566937571047 -810.4650080857634	1
137.27844110999683 -750.8169233670885	1
-1034.0108624729692 179.7336689629994	2
-0.6214864390169055 -593.1830025825045	1
505.71662376673856 -834.8713500126721	4
556.1539041076904 -862.0052985752936	4
143.0864740357804 -737.584961218291	1
591.1987275099865 15.558864027873312	5
454.9784847118375 -1005.0334693425534	4
584.0757457097886 -943.6545001617252	4
32.01462887825652 -647.6412547780841	1
